-8.907901792514715256e-01 -3.049285279462633502e-01 3.097833529442165279e+00
-4.252473259666784688e-01 -2.744780757052161513e-01 1.571659445566676361e+00
5.139797060176720667e-01 -2.690096106821642241e-01 3.318983230082348315e-03
1.440925512634311456e+00 -2.653477429120154607e-01 4.968858341133711165e-03
1.543134980150848490e+00 6.745709344922072859e-01 1.625670906569808505e+00
1.488120099420089604e+00 1.351334882066205223e+00 1.591866889716903266e+00
6.358813588922753723e-01 1.372579199476186007e-01 1.479481865810374108e+00
-2.966199746644238022e-01 1.413849325687578373e-01 3.113151784611598138e+00
-9.231281755738391936e-01 1.569920657367771533e-01 3.114844951589641475e+00
-9.325207431866180396e-01 9.555121460172714132e-01 1.584772684323110248e+00
-1.243319075154460940e-01 9.534909834633524817e-01 1.949530652382228807e-02
7.152659834751093904e-01 9.495225662058180971e-01 -7.424884243069587719e-02
7.105010278552150726e-01 2.045276749231669466e+00 1.583078527447774109e+00
7.139974591743869503e-01 3.073660103849503500e+00 1.722897881561757272e+00
-3.384330445991428071e-01 3.089649425092890755e+00 3.131676172114553403e+00
-1.569953533690793268e-01 1.389060350164043722e+00 1.843461010276580714e+00
-8.718270371391615425e-01 1.307949585354540201e+00 -1.278936779900224030e+00