2.356100559234619141e+00
2.334369421005249023e+00
2.237359285354614258e+00
2.179594278335571289e+00
2.155830383300781250e+00
2.116609096527099609e+00
2.061128854751586914e+00
2.013993740081787109e+00
1.994403719902038574e+00
1.969737052917480469e+00
1.918800234794616699e+00
1.881324052810668945e+00
1.852782011032104492e+00
1.807408928871154785e+00
1.801691055297851562e+00
1.766494870185852051e+00
1.757879495620727539e+00
1.718832373619079590e+00
1.711428761482238770e+00
1.674045324325561523e+00
1.650801181793212891e+00
1.634557604789733887e+00
1.635327816009521484e+00
1.602879524230957031e+00
1.577359557151794434e+00
1.568298816680908203e+00
1.550034403800964355e+00
1.551103591918945312e+00
1.531664490699768066e+00
1.524341702461242676e+00
1.508658170700073242e+00
1.474438905715942383e+00
1.482897043228149414e+00
1.461582899093627930e+00
1.475441455841064453e+00
1.443809390068054199e+00
1.455537796020507812e+00
1.413988351821899414e+00
1.418608188629150391e+00
1.403711676597595215e+00
1.420985221862792969e+00
1.431777000427246094e+00
1.405013680458068848e+00
1.411234974861145020e+00
1.400216817855834961e+00
1.398873209953308105e+00
1.383484601974487305e+00
1.394533872604370117e+00
1.373673558235168457e+00
1.374193787574768066e+00
1.367800712585449219e+00
1.367029786109924316e+00
1.368197679519653320e+00
1.361817121505737305e+00
1.359950661659240723e+00
1.363621950149536133e+00
1.390027642250061035e+00
1.368696093559265137e+00
1.367958188056945801e+00
1.370045542716979980e+00
1.372257709503173828e+00
1.381517648696899414e+00
1.383995771408081055e+00
1.394759654998779297e+00
1.393350958824157715e+00
1.388703703880310059e+00
1.334922790527343750e+00
1.239929676055908203e+00
1.160446405410766602e+00
1.068599939346313477e+00
1.002027869224548340e+00
9.458320140838623047e-01
8.859122395515441895e-01
8.600279092788696289e-01
8.072218298912048340e-01
7.673973441123962402e-01
7.328577637672424316e-01
7.169639468193054199e-01
6.854018568992614746e-01
6.516638398170471191e-01
6.133857369422912598e-01
6.032835841178894043e-01
5.971297025680541992e-01
5.539261102676391602e-01
5.515424609184265137e-01
5.387681722640991211e-01
5.186313986778259277e-01
4.918232262134552002e-01
4.806518554687500000e-01
4.759769141674041748e-01
4.710669219493865967e-01
4.559138119220733643e-01
4.326606094837188721e-01
4.300843179225921631e-01
4.108024239540100098e-01
4.200000166893005371e-01
4.130866229534149170e-01
3.889516890048980713e-01
4.058109521865844727e-01
3.941854238510131836e-01
3.793846070766448975e-01
3.678160309791564941e-01
3.577555418014526367e-01
3.507331907749176025e-01
3.412853777408599854e-01
3.526591360569000244e-01
3.492910265922546387e-01
3.462001979351043701e-01
3.206599950790405273e-01
3.295786976814270020e-01
3.245979249477386475e-01
3.354272246360778809e-01
3.268484771251678467e-01
3.334318697452545166e-01
3.136837184429168701e-01
3.297526538372039795e-01
2.991862297058105469e-01
3.120217025279998779e-01
3.088113367557525635e-01
3.104632794857025146e-01
2.939250469207763672e-01
2.920157313346862793e-01
3.031272292137145996e-01
2.746030688285827637e-01
2.667892873287200928e-01
2.837109267711639404e-01
2.833277583122253418e-01
2.836231291294097900e-01
2.540833652019500732e-01
2.834721207618713379e-01
2.726157009601593018e-01
2.798301875591278076e-01
2.749840021133422852e-01
2.727208733558654785e-01
2.690571546554565430e-01
2.803100943565368652e-01
2.767703831195831299e-01
2.721705436706542969e-01
2.826428413391113281e-01
2.751454114913940430e-01
2.545810341835021973e-01
2.732422649860382080e-01
2.895541787147521973e-01
2.729489505290985107e-01
2.530915141105651855e-01
2.611466944217681885e-01
2.608278989791870117e-01
2.673527300357818604e-01
2.439793199300765991e-01
2.833668887615203857e-01
2.886189818382263184e-01
2.582899630069732666e-01
2.806989848613739014e-01
2.744309306144714355e-01
2.770170569419860840e-01
2.772166430950164795e-01
2.869422733783721924e-01
2.739410996437072754e-01
2.691067159175872803e-01
2.707183957099914551e-01
2.862879037857055664e-01
2.850841581821441650e-01
2.749183773994445801e-01
2.654885947704315186e-01
3.010089993476867676e-01
2.763735949993133545e-01
3.025036752223968506e-01
2.925433218479156494e-01
3.025643527507781982e-01
3.144379258155822754e-01
3.059293329715728760e-01
3.031862378120422363e-01
3.029401898384094238e-01
3.178969025611877441e-01
3.282703757286071777e-01
3.116277754306793213e-01
3.407341241836547852e-01
3.394680619239807129e-01
3.193718791007995605e-01
3.106935322284698486e-01
3.498200178146362305e-01
3.585805594921112061e-01
3.545508682727813721e-01
3.532831370830535889e-01
3.603352308273315430e-01
2.002816677093505859e+00
1.987903952598571777e+00
1.935775637626647949e+00
1.901227116584777832e+00
1.863844394683837891e+00
1.811456918716430664e+00
1.810627341270446777e+00
1.765585660934448242e+00
1.757224202156066895e+00
1.715256452560424805e+00
1.686549663543701172e+00
1.666998863220214844e+00
1.635568976402282715e+00
1.633828401565551758e+00
1.606196403503417969e+00
1.587118387222290039e+00
1.569280743598937988e+00
1.536815643310546875e+00
1.540022253990173340e+00
1.540570855140686035e+00
1.496587514877319336e+00
1.483279585838317871e+00
1.487924933433532715e+00
1.465815067291259766e+00
1.453154206275939941e+00
1.438267350196838379e+00
1.431766152381896973e+00
1.429792881011962891e+00
1.424673676490783691e+00
1.402751326560974121e+00
1.384976744651794434e+00
1.385393977165222168e+00
1.378388285636901855e+00
1.362976789474487305e+00
1.368632316589355469e+00
1.361749768257141113e+00
1.351273298263549805e+00
1.367899537086486816e+00
1.336925268173217773e+00
1.347759842872619629e+00
1.334926605224609375e+00
1.315946459770202637e+00
1.339747786521911621e+00
1.300904750823974609e+00
1.333569049835205078e+00
1.325498700141906738e+00
1.307398080825805664e+00
1.315802335739135742e+00
1.330341219902038574e+00
1.322998404502868652e+00
1.324105143547058105e+00
1.319414734840393066e+00
1.317360997200012207e+00
1.337753534317016602e+00
1.333783626556396484e+00
1.325989007949829102e+00
1.348298788070678711e+00
1.323560476303100586e+00
1.329532384872436523e+00
1.288669228553771973e+00
1.163780570030212402e+00
1.071801781654357910e+00
9.966379404067993164e-01
9.337747097015380859e-01
8.707814216613769531e-01
8.236346840858459473e-01
7.778797745704650879e-01
7.330465316772460938e-01
6.817672848701477051e-01
6.561964750289916992e-01
6.032068133354187012e-01
6.232175230979919434e-01
5.701097249984741211e-01
5.290783643722534180e-01
5.448604822158813477e-01
5.085840821266174316e-01
5.031720399856567383e-01
4.796540141105651855e-01
4.631893336772918701e-01
4.477805793285369873e-01
4.313527047634124756e-01
4.414407014846801758e-01
4.349527657032012939e-01
4.120174348354339600e-01
3.881482779979705811e-01
3.753868639469146729e-01
3.954571485519409180e-01
3.604836165904998779e-01
3.632394671440124512e-01
3.565546870231628418e-01
3.334029912948608398e-01
3.328750133514404297e-01
3.357246220111846924e-01
3.217414617538452148e-01
3.263579308986663818e-01
3.118980228900909424e-01
3.044791221618652344e-01
3.008758723735809326e-01
3.042558729648590088e-01
3.061892986297607422e-01
2.918988764286041260e-01
2.829409539699554443e-01
2.846843302249908447e-01
2.785223424434661865e-01
2.950234115123748779e-01
2.622428536415100098e-01
2.576698064804077148e-01
2.673808634281158447e-01
2.564495503902435303e-01
2.552466392517089844e-01
2.483515888452529907e-01
2.634726464748382568e-01
2.328900545835494995e-01
2.723161876201629639e-01
2.484514117240905762e-01
2.464042603969573975e-01
2.538255751132965088e-01
2.405354976654052734e-01
2.591862976551055908e-01
2.498549818992614746e-01
2.517826855182647705e-01
2.456687539815902710e-01
2.538375258445739746e-01
2.182416915893554688e-01
2.162778675556182861e-01
2.282467484474182129e-01
2.437389791011810303e-01
2.246498018503189087e-01
2.279323041439056396e-01
2.332414388656616211e-01
2.160418331623077393e-01
2.339636236429214478e-01
2.324377894401550293e-01
2.232122123241424561e-01
2.285962849855422974e-01
2.397893220186233521e-01
2.182192951440811157e-01
2.152673751115798950e-01
2.122955173254013062e-01
2.189213484525680542e-01
2.349063903093338013e-01
2.232608497142791748e-01
2.275624275207519531e-01
2.212465852499008179e-01
2.340726107358932495e-01
2.292326539754867554e-01
2.312022447586059570e-01
1.952062249183654785e+00
1.957969188690185547e+00
1.963818669319152832e+00
1.971272945404052734e+00
1.982495665550231934e+00
1.980332732200622559e+00
1.998825430870056152e+00
1.989201068878173828e+00
2.017633914947509766e+00
2.017040967941284180e+00
2.011709213256835938e+00
2.035064697265625000e+00
2.049902439117431641e+00
2.057505369186401367e+00
2.085260868072509766e+00
2.096908330917358398e+00
2.102803707122802734e+00
2.137609481811523438e+00
2.167087554931640625e+00
2.187402248382568359e+00
2.204668045043945312e+00
2.192417144775390625e+00
2.254021644592285156e+00
2.254073143005371094e+00
2.284803867340087891e+00
2.310693502426147461e+00
2.341385364532470703e+00
2.348791122436523438e+00
