3.787824083197932623e-02 -1.057089694948132319e-02 -5.786918761384814841e-03
-3.648010009162483414e-01 1.203078556734546112e+00 -6.393206958909596060e-02
-4.505046380727587518e+01 2.286208753825199835e+00 -2.832878139176874921e+00
-4.588563128007186265e+01 2.032999243971190140e+00 -2.824938326793845267e+00
-4.542176434553554998e+01 1.634997690534859771e+00 -1.494382316896305296e+00
-4.534323200880949400e+01 8.724345172799061743e-01 -1.394604631940505879e+00
2.283488506875409769e+26 1.023029863016465591e+27 -1.870882183704564383e+00
1.118020264819388504e+24 4.646808619143730890e+24 -2.226352632822139466e+00
7.160288179651099555e+23 3.041204014968051518e+24 -1.354379064705071509e-02
5.266619220020371825e+24 2.032270415902951818e+25 -1.292136400990764988e+00
2.125064917291340346e+22 8.028023020878396863e+22 -2.621126067252951053e+00
2.195900414534385024e+23 7.815516529149262829e+23 -2.787372668917828644e+00