5.308774179717801189e-02 1.658152567352644269e-01 1.377278020613161402e+00
7.924314675793908691e-02 -1.861124668355742529e-01 -1.458594162039072328e+00
2.020976364426587679e-01 -1.143890390231081966e+00 -1.593901651238492700e+00
1.858115188353437475e-01 -1.803462193522619827e+00 -1.382588077102748780e+00
1.228276567517266216e+00 -1.855236463980190820e+00 2.780399994442023584e-02
1.703416128702539112e+00 -1.910247183400805682e+00 -3.991394019264606907e-01
6.742540872538924646e-01 -1.148293856099989796e+00 4.400921709839811236e-01
6.941396622220032953e-01 -3.831211656686264178e-01 7.046137785382103891e-01
7.108564385357745152e-01 -9.070566246265343580e-04 1.346313911919902573e+00
7.108564385357745152e-01 -9.070566246265343580e-04 1.346313911919902573e+00
7.108564385357745152e-01 -9.070566246265343580e-04 1.346313911919902573e+00
7.108564385357745152e-01 -9.070566246265343580e-04 1.346313911919902573e+00
7.108564385357745152e-01 -9.070566246265343580e-04 1.346313911919902573e+00
0.000000000000000000e+00 0.000000000000000000e+00 0.000000000000000000e+00
0.000000000000000000e+00 0.000000000000000000e+00 0.000000000000000000e+00
0.000000000000000000e+00 0.000000000000000000e+00 0.000000000000000000e+00
0.000000000000000000e+00 0.000000000000000000e+00 0.000000000000000000e+00
